
    v= [3, 3.25, 3.5, 3.75, 4, 4.25, 4.5, 4.75, 5, 5.25, 5.5, 5.75, 6, 6.25, 6.5, 6.75, 7, 7.25, 7.5, 7.75, 8, 8.25, 8.5, 8.75, 9, 9.25, 9.5, 9.75, 10]

    e= [-4.621424, -5.804482, -6.70809, -7.398549, -7.922563, -8.316091, -8.606262, -8.813852, -8.954821, -9.042461, -9.08705, -9.0977, -9.07705, -9.03505, -8.9743, -8.8984, -8.8103, -8.7122, -8.60665, -8.4949, -8.3785, -8.2585, -8.1362, -8.0118, -7.88685, -7.7615, -7.63665, -7.51265, -7.3898]
